2035308228
824938981
1137623865
107554536
1777724115
1478446501
1581030105
1908194298
753799505
1816731566
578354438
1004844897
330111137
70982397
2051621609
1912844175
343098142
280090412
6441594
1524325968
388471006
1400285365
828530767
316824712
1267248590
318153057
304555640
1049077006
270649095
1351345223
1334948905
1023129506
60935238
304987844
281725226
348318738
543436550
977764947
1737195272
462242385
537140623
1086531968
1623161625
1358796011
1479575244
2049590396
1154112991
889119397
944975825
1536830211
1592822761
1127401868
1532062767
1464689331
1859468872
298918984
462851407
1105222769
1004016855
454233502
1353963249
1887638
685428651
1461495731
1522395419
175530180
459244054
834991545
837204200
609960597
907225550
24301412
524102504
855007065
1778878209
552265483
471180773
1706755176
1437784630
1284660444
1502883016
1129841133
707953178
347221711
1746474819
678620591
667306633
925238588
843998877
832861200
794014915
1452207730
1547837107
2018984926
1110561113
1300601360
1439025357
1122721015
588860917
1971062967
529855395
978719103
345205658
937673930
2129300973
1618907920
1064488480
1939824520
937217003
1113423934
836941832
1346174542
1156766310
798669970
20073650
1666190318
151687230
637850124
981747696
322791560
1493869940
711192801
1164780418
63040413
1237322012
1151624117
2090265324
1318824511
1187262410
1799809565
540151403
1928256141
1492192799
1429157787
244116641
377901842
177181445
1795739911
63641305
1652354189
772359304
1609005592
1625151580
476026939
1324160811
501848671
1597951661
1421620240
1039769627
38535563
1066401727
1114919531
950885006
706642601
440967103
2018044936
151043710
343775973
1807270791
702715827
1872357125
1502789949
1300521576
977260520
178425210
622268744
1722321934
1854658689
566211825
987333029
1055151240
1427408396
2069048048
2031615252
137017237
1094482710
1560024710
1356701299
329241693
1115195164
439295525
1517114033
1528087670
499521038
1849385936
73536496
1617428359
707765235
924745989
2076422667
669167045
1373365825
1483422903
1230092639
1763800679
737904107
1114057121
1840127450
1583071032
412281977
142357289
476003622
359301516
1637121029
1266605903
924375752
1974044557
1115266930
2096192221
1141231427
209234791
1434444856
1264627439
1078626766
110846043
75289719
822418623
1312349943
1101977992
1496786971
1030325836
594094833
1510474410
505523489
1681484711
1763464891
308559364
1399116813
591316179
2045329870
894374165
231367332
947609847
1626979010
119413377
434826720
1856734759
1728536152
123959044
817350101
885295731
129154961
1974593928
366782137
1725004503
595278518
835740262
2018358643
1608776735
407052494
1887985652
1887766714
345807450
1448891847
1885902501
1925270571
242817253
1476562293
307738820
511142630
1350266113
778248382
920998393
1039109000
1590767370
313952733
2088376824
2068370778
278059498
1236261662
929596849
1288775055
1439236385
864877321
1703775251
1030316714
1384907698
768094285
1489470342
1432063067
309543566
1977466363
739712623
1790245761
104576978
334734507
24761786
619880739
1105074252
497991454
107466671
1215867947
1802916854
767780552
792508359
2028195356
955308353
1855794244
1428738283
1414318909
1978847939
1123289549
1268000110
1417097773
750607936
694558231
1971319798
251766297
2067029090
1150957463
1423551951
1281453213
1904228600
1795289992
1801048632
1871067779
86383
976132622
754609818
1420400196
1598733599
378859175
2131204599
1483764288
1923552800
436279149
2033924515
1024245959
1840728048
1680351381
1377340251
277117595
1408508172
254256219
596111243
1784766670
1564026392
1822559361
403681562
1544479434
754137322
363159928
869226366
734112722
1791608793
606061956
1145751355
1610979728
912910312
931853946
227725811
1702482605
606587866
1993997925
1236634257
424988139
1499292694
245949929
742794292
711443276
1686783873
1785742192
737499328
756044145
1667292172
1755174370
756589545
1973792143
338314783
1314384009
1306624513
286245357
435546856
985509754
424166537
1834458877
1737580191
129412463
1720494784
1286759527
2118199609
68372451
1862124134
511567600
477900753
961673225
48236096
1845784858
712542920
1383816526
2119655641
1203288092
964449474
1165225317
175223344
642551035
1777959848
1713417723
1378888929
1005471806
1998559829
1111527896
2117091137
1479904491
1588991120
413705651
1541379946
1551112228
1714971506
743955679
1137349677
296356978
1817708271
1643966962
2147483531
751152468
1290067270
432969045
1605675327
1714659037
229803083
1227559555
148963664
713120633
1421400194
1192825665
1986056805
85176241
51897806
910200912
803101085
185984467
237955200
1211145495
2092804428
236507136
1500456578
127446722
943842319
1179617774
408575706
2089916419
298897644
1284101462
1987760720
606086947
1860019397
1630361896
1549592533
361813754
355976536
382578173
1448374988
1002804821
1869250560
1400258743
1419330413
34519891
775654832
527195143
1903039054
1175535203
1748951034
1178767759
713635183
816959685
10260363
1912233251
1576061536
1521446980
1128632095
1679612136
397215685
1385869610
395899439
348811266
66974515
2116197142
663826885
691812436
1293452602
167963456
618198881
1414362805
2088848651
2051953944
2116321872
2063637013
217885779
521861729
1894729364
1197459195
1832619855
2143811610
643177616
1645645405
996004943
1854052994
1928517639
2094655070
117703317
1643274097
1113335590
414780911
1925228542
1668560562
111531099
2136018550
1476003502
1481135299
1750911869
1956041515


140275818667
17812282444
55089667049
101211385513
7276134790
202888411597
144439102706
38495310600
124395001511
247415278846
52158807539
68360829404
56678871604
3356758664
82433248925
470553582
162579423489
15310104965
460288148598
21187708215
176962777063
735914034370
330572306977
139708041276
20353388259
9405497336
2223230572
152711190545
14769289728
77644904070
2482396645
54199012862
180826035472
516949611074
58890574476
53807691322
16847868846
4326181590
3335930522
15624333449
963344116
79904064883
154601510057
34754071292
14114356255
221812048550
53280219507
144402701082
801353438188
1324443209775
101700312782
488861450
43154147288
26195676828
8866807073
11965149891
3220876768013
290097165427
136950689078
899161535585
19238314834
14077941394
321991064980
27692939643
3727392303
63149361134
1254252172706
10866098927
41877491262
19803685309
7793570851
29085527423
33469798934
14300460448
167931269664
217251952025
179126209
3133380066
183234116389
90490199847
30671203805
29928113971
64770188961
364341462152
341849596
111014210844
2389921335237
49737248434
144747151082
80680827606
7272169662
54417869460
61484017457
603683552842
70907084143
14630590092
4751269004
77831556245
38843282726
112373320
20644482488
49265173085
774887708770
75499652189
371357372636
79107769399
20155610449
303313108427
413933048417
662289433909
424595269622
287350980586
2940847005909
55486370241
63881928695
96984930372
5270344069
409200704362
2451863037650
3991321602
1573109317341
142946931753
2536632088
237630791442
7443774471
12171687205
15029336112
209521629277
70028787958
37037721028
300763747290
189908410995
717673573705
4273977625
27392233856
62674057187
113480177268
6106498471
548604234611
43882240920
109000209958
2779482038
45814872131
163917753826
31366744889
124073315667
22479525092
148025166226
175131064511
1666977271342
296761900537
125120474785
3560540394
30532539107
20164928139
536252514656
24865895560
7790515866
411147977074
49908412734
395235125621
147943405529
58608963726
34848277073
47913662753
13295107046
53751386144
581944618883
667009335108
75330851937
2118663682
663958176328
103619605363
213401866457
30422401338
52675059783
2835539256
56947243757
26916510140
14061974433
229320781435
65809838742
192425232544
23363171915
7233816652
2094194917
18426114496
288284655196
37357960909
37413397175
3935475093
295464662401
1810076163
185964601062
116223963556
217350649842
3535990925
17577704952
17000076877
715624736964
238534537940
118401214984
431807520278
18121442544
35525977062
1938610951
374327002176
3446116364
44838887946
25280268135
988768989
45632064995
70945901681
130018884085
476271326177
21358813517
138167982518
1826890349
4455414353
16151620207
44623939628
7618480779
31497839108
70740148520
183177718790
166199612474
38863501934
48987364488
99348864681
12050626475
7211114853
12226375280
24583310792
5411501061
129675026074
753114054170
668125773290
168023472225
18987274311
703656259390
3033592315
35763358658
9431990036
3053555844
122260988
33245171785
103119589696
65396375016
106286827984
505507538167
274380506230
2051589469
24915271424
556758520660
32866956307
279729341754
17480404757
44590605902
105764303308
778298497631
7784420966
16775832962
8970818987
17747011935
294668951745
98728121352
256337047508
340550240042
364421253333
3188313047739
530388669561
48370696623
115645167485
36707227243
14678068958
56050012268
81106842737
23766872769
6808311886
382393368
122825497831
193941933349
6022512776
6146988715
309305924044
28053698452
62674802396
106373899951
371886368173
3757877170
104029530392
13530941867
138662304681
4477988946
25108153694
5637055424
42679715498
4929368079
230195733380
133429391122
560016733348
291050616307
4773718551
1081823430979
740631321492
61685461274
115566181072
397226541966
1971396830
11834810034
4778384953
699311295121
32484918962
72950528835
79910983098
3540491954
10231004146
9427314918
153533747162
14782419059
13352419187
236647032296
1353562640538
14755048789
170370972602
2762182953
334029261
1016363670
16296594022
5046290993
462127148217
41432797924
55304711703
63214827230
19685671460
6531940538
93226576335
3314888860838
236702020541
1475250252
57138116450
533573157251
765910814714
1827571162
17419512646
189263747325
81996579148
3387469242
26337702153
207523454879
37458273210
64487491792
2093901159091
33849935471
40510193587
5047457002
81131241801
90943134748
50736123836
7094146254
26509476496
3057594911
635670926257
23971431654
3762357544
45978818008
393560406049
64352724921
24750568105
96739131876
802507609706
2284930856
260842293850
195725174805
13573580227
6271125762
139144337098
2229106872
4532936180
110443308336
29946093329
2035410440
45466977193
3151322598
523308606768
3796434219
172982705299
2959251494
4532260104
189361170867
1562704138
27763820809
458049686732
305410006480
145565907587
462617695194
6907169385
43568303971
132452849
19739099422
11741592852
262760995
249248881137
68355878998
9337026848
566501685049
19445386783
635436169477
1382991384196
105336594523
27648190115
1160020885
49138133595
145196660703
29362935344
173081236660
2410170632
6229185494
241299442633
618382364232
546409557908
63531859732
87236717383
591188548059
29307076809
4710454585
2515096170
2723728775
124063235140
5244549991
15627899401
741677329628
35721981970
14851365617
53101215255
13942695442
152577894670
286669098103
11635177026
79869462027
621355460184
7188730860
104898105165
4819880987
332351823025
119746649954
37524536105
2330166451169
2834380518
25775290428
11341808619
11402703833
157662246973
333046625630
46251438307
492860258
18052341637
68029030323
53253824542
300941793367
206337618183
11458767458
18035878256
13576184786
449113612881
246705765653
399151914792
70839571378
162430949231
222314952969
8256515080
911599927998
72062719876
7738662463
256979584317
1105081246983
30750126977
43046190313
438148399493
371046803510
657592762277
568918180537
12758234268
7157802975
8449727598
115516789808
18551669895
138546472500
4752248914
34253057884
3652543131561
152163571618
76839469009
128684548314
428446056
323048711182
298196221736
3847136364
285207270739
11806409300
19513013140
8574935411
526439554424
826918754
45430794879
43920923465
12237832001
1551990079782
30320947692
367580698426
165711045669
120262125028
